 18.0000000000 
 19.0000000000 
 20.0000000000 
 21.0000000000 
 37.0000000000 
 38.0000000000 
 39.0000000000 
 40.0000000000 
 41.0000000000 
 42.0000000000 
 58.0000000000 
 59.0000000000 
 60.0000000000 
 61.0000000000 
 62.0000000000 
 63.0000000000 
 79.0000000000 
 80.0000000000 
 81.0000000000 
 82.0000000000 
 83.0000000000 
 84.0000000000 
100.0000000000 
101.0000000000 
102.0000000000 
103.0000000000 
104.0000000000 
105.0000000000 
121.0000000000 
122.0000000000 
123.0000000000 
124.0000000000 
125.0000000000 
126.0000000000 
143.0000000000 
144.0000000000 
145.0000000000 
146.0000000000 
147.0000000000 
168.0000000000 
169.0000000000 
170.0000000000 
171.0000000000 
172.0000000000 
198.0000000000 
199.0000000000 
200.0000000000 
201.0000000000 
231.0000000000 
232.0000000000 
233.0000000000 
234.0000000000 
235.0000000000 
272.0000000000 
273.0000000000 
274.0000000000 
275.0000000000 
319.0000000000 
320.0000000000 
321.0000000000 
374.0000000000 
375.0000000000 
437.0000000000 
438.0000000000 
510.0000000000 
511.0000000000 
596.0000000000 
597.0000000000 
697.0000000000 
814.0000000000 
